IOG	GL
	
1	14
1	15
1	20
1	21
1	23
1	60
1	63
1	65
1	74
1	75
1	79
1	86
1	107
1	121
1	147
1	193
1	194
1	197
1	198
1	199
1	200
1	201
1	228
1	229
1	241
1	247
1	263
1	265
1	267
1	309
1	325
1	328
1	349
1	364
1	400
1	421
1	422
2	14
2	15
2	20
2	21
2	23
2	60
2	63
2	65
2	74
2	75
2	79
2	86
2	107
2	121
2	147
2	193
2	194
2	197
2	198
2	199
2	200
2	201
2	228
2	229
2	241
2	247
2	263
2	265
2	267
2	309
2	325
2	328
2	349
2	364
2	400
2	421
2	422

IOG	GL
	
1	14
1	15
1	20
1	21
1	23
1	60
1	63
1	65
1	74
1	75
1	79
1	86
1	107
1	121
1	147
1	193
1	194
1	197
1	198
1	199
1	200
1	201
1	228
1	229
1	241
1	247
1	263
1	265
1	267
1	309
1	325
1	328
1	349
1	364
1	400
1	421
1	422
2	14
2	15
2	20
2	21
2	23
2	60
2	63
2	65
2	74
2	75
2	79
2	86
2	107
2	121
2	147
2	193
2	194
2	197
2	198
2	199
2	200
2	201
2	228
2	229
2	241
2	247
2	263
2	265
2	267
2	309
2	325
2	328
2	349
2	364
2	400
2	421
2	422
	
IOG	GL
	
70	14
70	15
70	20
70	21
70	23
70	60
70	63
70	65
70	74
70	75
70	79
70	86
70	107
70	121
70	147
70	193
70	194
70	197
70	199
70	200
70	201
70	228
70	229
70	241
70	247
70	263
70	265
70	267
70	309
70	325
70	328
70	349
70	364
70	400
70	421
70	422
71	14
71	15
71	20
71	21
71	23
71	60
71	63
71	65
71	74
71	75
71	79
71	86
71	107
71	121
71	147
71	193
71	194
71	197
71	199
71	200
71	201
71	228
71	229
71	241
71	247
71	263
71	265
71	267
71	309
71	325
71	328
71	349
71	364
71	400
71	421
71	422
IOG	GL
	
70	14
70	15
70	20
70	21
70	23
70	60
70	63
70	65
70	74
70	75
70	79
70	86
70	107
70	121
70	147
70	193
70	194
70	197
70	199
70	200
70	201
70	228
70	229
70	241
70	247
70	263
70	265
70	267
70	309
70	325
70	328
70	349
70	364
70	400
70	421
70	422
71	14
71	15
71	20
71	21
71	23
71	60
71	63
71	65
71	74
71	75
71	79
71	86
71	107
71	121
71	147
71	193
71	194
71	197
71	199
71	200
71	201
71	228
71	229
71	241
71	247
71	263
71	265
71	267
71	309
71	325
71	328
71	349
71	364
71	400
71	421
71	422
IOG	GL
	
8	14
8	15
8	20
8	21
8	23
8	60
8	63
8	65
8	74
8	75
8	79
8	86
8	107
8	121
8	147
8	193
8	194
8	197
8	199
8	200
8	201
8	228
8	229
8	241
8	247
8	263
8	265
8	267
8	309
8	325
8	328
8	349
8	364
8	400
8	421
8	422
31	14
31	15
31	20
31	21
31	23
31	60
31	63
31	65
31	74
31	75
31	79
31	86
31	107
31	121
31	147
31	193
31	194
31	197
31	199
31	200
31	201
31	228
31	229
31	241
31	247
31	263
31	265
31	267
31	309
31	325
31	328
31	349
31	364
31	400
31	421
31	422
IOG	GL
	
8	14
8	15
8	20
8	21
8	23
8	60
8	63
8	65
8	74
8	75
8	79
8	86
8	107
8	121
8	147
8	193
8	194
8	197
8	199
8	200
8	201
8	228
8	229
8	241
8	247
8	263
8	265
8	267
8	309
8	325
8	328
8	349
8	364
8	400
8	421
8	422
31	14
31	15
31	20
31	21
31	23
31	60
31	63
31	65
31	74
31	75
31	79
31	86
31	107
31	121
31	147
31	193
31	194
31	197
31	199
31	200
31	201
31	228
31	229
31	241
31	247
31	263
31	265
31	267
31	309
31	325
31	328
31	349
31	364
31	400
31	421
31	422
IOG	GL
	
9	14
9	15
9	20
9	21
9	23
9	60
9	63
9	65
9	74
9	75
9	79
9	86
9	107
9	121
9	147
9	193
9	194
9	197
9	199
9	200
9	201
9	228
9	229
9	241
9	247
9	263
9	265
9	267
9	309
9	325
9	328
9	349
9	364
9	400
9	421
9	422
32	14
32	15
32	20
32	21
32	23
32	60
32	63
32	65
32	74
32	75
32	79
32	86
32	107
32	121
32	147
32	193
32	194
32	197
32	199
32	200
32	201
32	228
32	229
32	241
32	247
32	263
32	265
32	267
32	309
32	325
32	328
32	349
32	364
32	400
32	421
32	422
IOG	GL
	
9	14
9	15
9	20
9	21
9	23
9	60
9	63
9	65
9	74
9	75
9	79
9	86
9	107
9	121
9	147
9	193
9	194
9	197
9	199
9	200
9	201
9	228
9	229
9	241
9	247
9	263
9	265
9	267
9	309
9	325
9	328
9	349
9	364
9	400
9	421
9	422
32	14
32	15
32	20
32	21
32	23
32	60
32	63
32	65
32	74
32	75
32	79
32	86
32	107
32	121
32	147
32	193
32	194
32	197
32	199
32	200
32	201
32	228
32	229
32	241
32	247
32	263
32	265
32	267
32	309
32	325
32	328
32	349
32	364
32	400
32	421
32	422
IOG	GL
	
7	14
7	15
7	20
7	21
7	23
7	60
7	63
7	65
7	74
7	75
7	79
7	86
7	107
7	121
7	147
7	193
7	194
7	197
7	199
7	200
7	201
7	228
7	229
7	241
7	247
7	263
7	265
7	267
7	309
7	325
7	328
7	349
7	364
7	400
7	421
7	422
13	14
13	15
13	20
13	21
13	23
13	60
13	63
13	65
13	74
13	75
13	79
13	86
13	107
13	121
13	147
13	193
13	194
13	197
13	199
13	200
13	201
13	228
13	229
13	241
13	247
13	263
13	265
13	267
13	309
13	325
13	328
13	349
13	364
13	400
13	421
13	422
IOG	GL
	
7	14
7	15
7	20
7	21
7	23
7	60
7	63
7	65
7	74
7	75
7	79
7	86
7	107
7	121
7	147
7	193
7	194
7	197
7	199
7	200
7	201
7	228
7	229
7	241
7	247
7	263
7	265
7	267
7	309
7	325
7	328
7	349
7	364
7	400
7	421
7	422
13	14
13	15
13	20
13	21
13	23
13	60
13	63
13	65
13	74
13	75
13	79
13	86
13	107
13	121
13	147
13	193
13	194
13	197
13	199
13	200
13	201
13	228
13	229
13	241
13	247
13	263
13	265
13	267
13	309
13	325
13	328
13	349
13	364
13	400
13	421
13	422
IOG	GL
	
10	14
10	15
10	20
10	21
10	23
10	60
10	63
10	65
10	74
10	75
10	79
10	86
10	107
10	121
10	147
10	193
10	194
10	197
10	199
10	200
10	201
10	228
10	229
10	241
10	247
10	263
10	265
10	267
10	309
10	325
10	328
10	349
10	364
10	400
10	421
10	422
33	14
33	15
33	20
33	21
33	23
33	60
33	63
33	65
33	74
33	75
33	79
33	86
33	107
33	121
33	147
33	193
33	194
33	197
33	199
33	200
33	201
33	228
33	229
33	241
33	247
33	263
33	265
33	267
33	309
33	325
33	328
33	349
33	364
33	400
33	421
33	422
IOG	GL
	
10	14
10	15
10	20
10	21
10	23
10	60
10	63
10	65
10	74
10	75
10	79
10	86
10	107
10	121
10	147
10	193
10	194
10	197
10	199
10	200
10	201
10	228
10	229
10	241
10	247
10	263
10	265
10	267
10	309
10	325
10	328
10	349
10	364
10	400
10	421
10	422
33	14
33	15
33	20
33	21
33	23
33	60
33	63
33	65
33	74
33	75
33	79
33	86
33	107
33	121
33	147
33	193
33	194
33	197
33	199
33	200
33	201
33	228
33	229
33	241
33	247
33	263
33	265
33	267
33	309
33	325
33	328
33	349
33	364
33	400
33	421
33	422
IOG	GL
	
11	14
11	15
11	20
11	21
11	23
11	60
11	63
11	65
11	74
11	75
11	79
11	86
11	107
11	121
11	147
11	193
11	194
11	197
11	199
11	200
11	201
11	228
11	229
11	241
11	247
11	263
11	265
11	267
11	309
11	325
11	328
11	349
11	364
11	400
11	421
11	422

IOG	GL
	
11	14
11	15
11	20
11	21
11	23
11	60
11	63
11	65
11	74
11	75
11	79
11	86
11	107
11	121
11	147
11	193
11	194
11	197
11	199
11	200
11	201
11	228
11	229
11	241
11	247
11	263
11	265
11	267
11	309
11	325
11	328
11	349
11	364
11	400
11	421
11	422
IOG	GL
	
75	14
75	15
75	20
75	21
75	23
75	60
75	63
75	65
75	74
75	75
75	79
75	86
75	107
75	121
75	147
75	193
75	194
75	197
75	199
75	200
75	201
75	228
75	229
75	241
75	247
75	263
75	265
75	267
75	309
75	325
75	328
75	349
75	364
75	400
75	421
75	422
IOG	GL
	
75	14
75	15
75	20
75	21
75	23
75	60
75	63
75	65
75	74
75	75
75	79
75	86
75	107
75	121
75	147
75	193
75	194
75	197
75	199
75	200
75	201
75	228
75	229
75	241
75	247
75	263
75	265
75	267
75	309
75	325
75	328
75	349
75	364
75	400
75	421
75	422

IOG	GL
	
85	14
85	15
85	20
85	21
85	23
85	60
85	63
85	65
85	74
85	75
85	79
85	86
85	107
85	121
85	147
85	193
85	194
85	197
85	199
85	200
85	201
85	228
85	229
85	241
85	247
85	263
85	265
85	267
85	309
85	325
85	328
85	349
85	364
85	400
85	421
85	422
